AUSTRALIA. 9

4. AUSTRALIAN TRADE, 1905.—EXPORTS.

Transfers Inter-State.               Exports Overseas.                         Total
State.                 Australian   Other        Total.       Australian   Other        Total.        Exports.
                       Produce.     Produce.                  Produce.     Produce.
£                      £            £            £            £            £            £

New South Wales ...    10,507,789   1,756,897    12,264,686   22,765,539   1,727,991    24,493,530    36,758,216
Victoria ... ...       6,541,483    2,136,534     8,678,017   13,148,732     879,943    14,028,675    22,706,692
Queensland ... ...     8,313,789      177,003     8,490,792    3,349,561      35,298     3,384,859    11,875,651
South Australia ...    3,404,937      685,430     4,090,367    5,351,839      50,799     5,402,638     9,493,005
Western Australia ...    753,892       58,010       811,902    9,043,426      15,732     9,059,158     9,871,060
Tasmania ... ...       3,150,206       80,235     3,230,441      468,661       3,514       472,175     3,702,616

                       32,672,096   4,894,109    37,566,205   54,127,758   2,713,277    56,841,035    94,407,240


5. NET IMPORT OF OTHER THAN AUSTRALIAN GOODS INTO EACH STATE
FOR THE YEAR 1905, DISTINGUISHING FREE AND DUTIABLE.

State.           Description     Imports from—                              Re-exports to—                 Net
                 of Goods.       Other        Other        Total.            Other        Other        Total. Import.
                                 Australian   Countries.                     Australian   Countries.
                                 States.                                     States.
                                 £            £            £                 £            £            £      £

New South       Free ...           460,898    5,539,603     6,000,501         594,891    1,209,709    1,804,600  4,195,901
Wales           Dutiable         1,121,567    8,945,520    10,067,087       1,157,740      518,282    1,676,022  8,391,065
                 Total...        1,582,465   14,485,123    16,067,588       1,752,631    1,727,991    3,480,622 12,586,966

Victoria        Free ...           193,025    5,069,652     5,262,677         722,883      646,128    1,369,011  3,893,666
                Dutiable           441,963    7,890,212     8,332,675       1,453,039    1,658,854    3,111,893  5,220,782
                 Total...          634,988   12,960,364    13,595,352       2,175,922      879,943    3,055,866 10,539,487

Queensland      Free ...           441,875      863,400     1,305,275          64,401       11,781       76,182  1,229,093
                Dutiable           662,478    2,300,227     2,962,705         111,414       23,617      135,031  2,827,674
                 Total...        1,104,353    3,163,627     4,267,980         175,815       35,398      211,113  4,056,867

South           Free ...           179,821    1,175,747     1,355,568         199,944        9,036      208,979  1,146,589
Australia       Dutiable           409,951    2,054,923     2,464,874         482,213      71,764      553,977  1,910,897
                 Total...          589,772    3,230,670     3,820,442         682,157       80,800      732,956  3,087,486

Western         Free ...            77,106    1,247,673     1,324,779          26,989        5,923       32,912  1,291,867
Australia       Dutiable           190,915    2,521,157     2,712,072         30,785       15,732       46,517  2,665,555
                 Total...          268,021    3,768,830     4,036,851          57,774       21,655       79,429  3,957,422

Tasmania        Free ...           280,890      172,573       453,463          24,507        2,298       26,805    426,658
                Dutiable           463,481      565,544     1,029,025          56,124        1,216       57,340    971,685
                 Total...          744,371      738,117     1,482,488          79,671        3,514       83,185  1,399,303

Common-         Free ...         1,633,615   14,068,648    15,702,263       1,633,615    1,884,874    3,518,489 12,183,774
wealth          Dutiable         3,290,355   24,278,083    27,568,438       3,290,355    4,118,758    7,409,113 20,159,325
                 Total...        4,923,970   38,346,731    43,270,701       4,923,970    7,637,247   12,561,217 30,709,484